6
6
285
434
369
326
87
11
4
250
332
272
350
101
19
6
261
243
360
419
168
6
6
246
358
210
337
103
3
3
226
336
331
399
93
8
8
293
413
294
344
95
10
12
247
365
329
218
61
13
14
216
332
280
292
59
16
13
10
326
241
352
102
15
2
255
447
332
376
101
6
1
288
456
306
298
129
12
6
3
409
298
431
154
11
9
322
455
319
370
90
4
12
384
456
342
410
168
13
8
314
501
471
392
172
18
10
299
411
452
380
163
19
13
244
505
359
375
93
23
16
315
552
508
400
162
11
8
277
462
392
261
180
19
11
363
475
414
447
172
20
28
289
494
368
449
179
17
10
338
494
414
482
144
25
17
302
489
381
381
166
12
19
271
278
198
289
104
4
3
262
296
180
110
7
2
1
24
18
12
2
1
4
190
215
256
93
7
4
380
476
413
474
177
11
21
378
514
400
429
162
5
7
405
562
424
479
168
15
4
386
552
296
508
148
19
9
325
517
393
469
178
17
15
325
458
353
431
131
12
13
371
541
398
463
180
17
10
404
566
464
475
172
10
10
378
472
420
436
174
18
23
374
554
296
300
137
8
7
367
499
384
463
178
14
11
306
533
463
382
170
7
2
323
497
416
272
9
8
3
8
331
282
401
160
15
8
326
574
447
564
173
16
8
404
536
453
530
193
8
12
7
499
517
491
195
13
8
17
581
521
577
177
27
17
446
634
477
513
227
7
15
424
567
556
545
172
24
12
60
465
332
412
144
35
23
330
530
498
502
209
18
5
394
531
435
591
201
11
13
381
457
486
473
186
16
15
359
464
376
432
223
